1,1
2,2
3,2
4,3
5,3
6,3
7,2
8,3
9,4
10,4
11,5
12,3
13,3
14,4
15,5
16,4
17,5
18,5
19,3
20,4
21,3
22,5
23,4
24,4
25,3
26,4
27,5
28,5
29,5
30,4
31,7
32,3
33,3
34,4
35,4
36,5
37,5
38,4
39,5
40,5
41,5
42,5
43,7
44,3
45,4
46,5
47,5
48,7
49,5
50,5
51,5
52,7
53,5
54,7
55,2
56,4
57,4
58,5
59,4
60,4
61,5
62,4
63,5
64,6
65,5
66,6
67,5
68,4
69,6
70,6
71,4
72,6
73,7
74,6
75,7
76,8
77,4
78,5
79,4
80,5
81,5
82,5
83,7
84,5
85,7
86,7
87,4
88,5
89,6
90,7
91,6
92,8
93,7
94,7
95,7
96,8
97,8
98,3
99,4
100,5
101,4
102,5
103,5
104,5
105,6
106,3
107,5
108,4
109,6
110,5
111,7
112,5
113,5
114,6
115,7
116,3
117,4
118,5
119,5
120,5
121,5
122,4
123,5
124,6
125,6
126,7
127,5
128,7
129,7
130,7
131,6
132,7
133,8
134,7
135,7
136,3
137,4
138,5
139,6
140,5
141,6
142,6
143,7
144,7
145,7
146,6
147,6
148,6
149,7
150,8
151,7
152,6
153,7
154,8
155,6
156,7
157,7
158,5
159,6
160,7
161,7
162,7
163,7
164,7
165,6
166,8
167,9
168,7
169,7
170,8
171,9
172,9
173,4
174,3
175,5
176,4
177,5
178,4
179,5
180,5
181,7
182,4
183,4
184,4
185,6
186,5
187,6
188,5
189,5
190,8
191,3
192,5
193,5
194,6
195,5
196,5
197,5
198,7
199,4
200,6
201,6
202,7
203,6
204,5
205,7
206,8
207,9
208,4
209,4
210,5
211,4
212,5
213,6
214,6
215,6
216,5
217,7
218,5
219,7
220,7
221,6
222,8
223,4
224,7
225,6
226,6
227,6
228,8
229,7
230,7
231,7
232,7
233,9
234,6
235,7
236,8
237,6
238,7
239,8
240,8
241,8
242,9
243,5
244,5
245,4
246,6
247,7
248,5
249,6
250,7
251,7
252,4
253,6
254,5
255,6
256,6
257,6
258,7
259,6
260,7
261,9
262,5
263,5
264,7
265,5
266,6
267,7
268,7
269,8
270,6
271,7
272,7
273,7
274,9
275,7
276,9
277,9
278,9
279,5
280,6
281,8
282,7
283,8
284,6
285,7
286,8
287,6
288,7
289,8
290,6
291,8
292,8
293,8
294,7
295,7
296,8
297,9
298,8
299,9
300,7
301,7
302,8
303,9
304,8
305,9
306,7
307,9
308,9
309,10
310,3
311,5
312,4
313,3
314,4
315,5
316,4
317,5
318,7
319,3
320,4
321,5
322,5
323,6
324,7
325,5
326,5
327,4
328,6
329,7
330,5
331,6
332,7
333,8
334,5
335,6
336,7
337,7
338,5
339,6
340,8
341,7
342,7
343,4
344,5
345,6
346,5
347,5
348,6
349,7
350,6
351,5
352,5
353,6
354,7
355,6
356,6
357,8
358,7
359,6
360,8
361,5
362,5
363,7
364,7
365,6
366,6
367,7
368,7
369,7
370,7
371,8
372,9
373,8
374,9
375,9
376,5
377,7
378,4
379,5
380,6
381,7
382,5
383,7
384,5
385,6
386,7
387,8
388,7
389,8
390,9
391,4
392,5
393,6
394,6
395,7
396,6
397,8
398,6
399,7
400,7
401,8
402,5
403,8
404,7
405,7
406,8
407,8
408,7
409,8
410,5
411,5
412,6
413,7
414,6
415,6
416,7
417,9
418,7
419,6
420,8
421,8
422,7
423,9
424,9
425,6
426,7
427,7
428,7
429,8
430,9
431,8
432,7
433,8
434,9
435,9
436,7
437,8
438,9
439,10
440,5
441,5
442,4
443,5
444,7
445,5
446,4
447,7
448,8
449,5
450,7
451,7
452,8
453,5
454,5
455,5
456,6
457,7
458,7
459,7
460,7
461,8
462,7
463,7
464,7
465,8
466,7
467,9
468,9
469,4
470,5
471,7
472,6
473,8
474,5
475,7
476,7
477,8
478,9
479,8
480,7
481,7
482,8
483,5
484,6
485,7
486,7
487,7
488,7
489,8
490,9
491,9
492,8
493,7
494,8
495,8
496,8
497,9
498,8
499,9
500,9
501,10
502,11
503,5
504,7
505,7
506,5
507,7
508,8
509,7
510,8
511,7
512,8
513,7
514,8
515,8
516,7
517,8
518,9
519,7
520,8
521,7
522,8
523,7
524,9
525,8
526,7
527,7
528,8
529,9
530,9
531,10
532,9
533,7
534,7
535,7
536,8
537,7
538,7
539,7
540,7
541,8
542,8
543,9
544,8
545,8
546,9
547,9
548,9
549,11
550,8
551,7
552,8
553,9
554,9
555,9
556,9
557,10
558,8
559,9
560,9
561,9
562,11
563,11
564,11
565,3
566,5
567,6
568,3
569,4
570,5
571,5
572,6
573,7
574,4
575,5
576,6
577,6
578,7
579,4
580,5
581,4
582,5
583,6
584,5
585,5
586,7
587,5
588,7
589,4
590,5
591,7
592,6
593,7
594,8
595,4
596,5
597,5
598,6
599,6
600,6
601,5
602,6
603,6
604,8
605,6
606,6
607,8
608,4
609,5
610,6
611,7
612,5
613,6
614,7
615,7
616,6
617,6
618,6
619,8
620,8
621,9
622,8
623,9
624,5
625,6
626,7
627,5
628,5
629,6
630,5
631,7
632,4
633,6
634,6
635,8
636,6
637,7
638,7
639,8
640,7
641,7
642,8
643,7
644,7
645,7
646,9
647,5
648,7
649,6
650,9
651,9
652,6
653,6
654,6
655,7
656,7
657,8
658,6
659,6
660,6
661,8
662,8
663,8
664,8
665,7
666,8
667,9
668,5
669,7
670,7
671,6
672,7
673,8
674,9
675,9
676,9
677,7
678,8
679,8
680,10
681,9
682,9
683,9
684,9
685,11
686,6
687,4
688,7
689,6
690,7
691,5
692,6
693,6
694,7
695,8
696,6
697,7
698,6
699,6
700,8
701,5
702,6
703,8
704,8
705,7
706,7
707,7
708,8
709,5
710,6
711,5
712,7
713,8
714,6
715,6
716,7
717,8
718,8
719,5
720,6
721,6
722,9
723,7
724,8
725,8
726,9
727,10
728,6
729,8
730,6
731,8
732,8
733,8
734,9
735,6
736,7
737,8
738,9
739,10
740,6
741,5
742,7
743,6
744,6
745,6
746,7
747,6
748,7
749,7
750,8
751,6
752,8
753,7
754,7
755,8
756,9
757,8
758,7
759,8
760,9
761,7
762,9
763,8
764,9
765,7
766,9
767,8
768,8
769,9
770,7
771,8
772,9
773,9
774,10
775,9
776,6
777,8
778,7
779,8
780,8
781,6
782,9
783,8
784,10
785,10
786,8
787,8
788,9
789,10
790,8
791,9
792,9
793,11
794,8
795,9
796,9
797,8
798,9
799,10
800,10
801,12
802,5
803,5
804,6
805,6
806,7
807,7
808,5
809,5
810,6
811,6
812,7
813,6
814,8
815,8
816,9
817,5
818,7
819,7
820,7
821,7
822,7
823,7
824,7
825,5
826,7
827,6
828,8
829,7
830,9
831,7
832,8
833,8
834,9
835,6
836,7
837,6
838,7
839,6
840,6
841,6
842,8
843,8
844,5
845,7
846,8
847,7
848,7
849,7
850,8
851,7
852,8
853,8
854,9
855,9
856,9
857,10
858,5
859,5
860,5
861,7
862,5
863,6
864,7
865,8
866,7
867,9
868,7
869,6
870,7
871,8
872,9
873,9
874,7
875,6
876,7
877,8
878,8
879,8
880,7
881,8
882,7
883,9
884,8
885,9
886,8
887,9
888,10
889,11
890,6
891,7
892,7
893,9
894,7
895,9
896,9
897,6
898,8
899,9
900,8
901,8
902,8
903,9
904,9
905,11
906,7
907,7
908,9
909,9
910,11
911,8
912,8
913,10
914,9
915,11
916,11
917,5
918,6
919,6
920,7
921,7
922,7
923,7
924,8
925,6
926,7
927,8
928,7
929,8
930,5
931,7
932,7
933,7
934,7
935,7
936,8
937,9
938,7
939,7
940,9
941,9
942,6
943,8
944,6
945,7
946,8
947,8
948,10
949,6
950,8
951,8
952,9
953,8
954,8
955,8
956,9
957,10
958,10
959,8
960,7
961,8
962,8
963,10
964,8
965,9
966,9
967,10
968,8
969,10
970,10
971,8
972,10
973,10
974,5
975,7
976,7
977,7
978,8
979,7
980,8
981,9
982,9
983,7
984,8
985,9
986,9
987,8
988,7
989,9
990,8
991,7
992,9
993,10
994,7
995,8
996,9
997,9
998,10
999,9
1000,11
